200
100
   41    15
   42   155
   59    41
  135    26
  141   115
  132    97
   93   132
  119    35
  146   140
   62    33
  186    11
   22    66
  118    99
    5   171
  194   116
  135   148
   57   100
  149   167
   54   136
  133   109
  197    60
  106    23
  103    59
   35   166
   92   132
   34   143
   51   193
   19    55
   53   181
  180    38
  200     1
   35   107
  191   155
  130    20
   47    91
  200    56
  132   195
   26   188
  114    83
  167   142
  175    86
  137    81
   45    13
  158   109
  142    46
   30    50
   16   169
  120    73
    8   150
   93    31
  122    22
  198     7
   78    44
  104    75
  111   192
  117   119
   30    72
    7    66
  155   187
   86   169
   51    20
   25   194
   61   167
   57    90
  134    51
   24   163
    4    76
   81   110
  184   123
  161    81
  156   125
  154    85
  140   109
  177   166
  114    15
  101   128
  169   170
  160   146
   27   184
  115   194
   78    53
    9    53
   57   178
   21   137
   68   149
  120    49
  133    39
  130    51
  127   153
   42   146
  117   132
   49   132
   37    36
  184   127
  127    87
    2   140
  172    64
   91     8
   44    83
  184    51
