250
1000
  241   165
   92    55
   59    91
   35   126
   41   215
   32    47
  243   182
  219   185
  246   140
   12   183
  236    11
   22    16
   18   149
   55    71
  194   166
  235    98
  207    50
   99   117
  204   236
   33     9
   47   110
   56    23
   53    59
  135   166
   92   182
   34   143
  101   243
  119   155
    3   181
   30   238
  200     1
  185   107
   91   205
  230    70
  147    91
  250   206
   82    45
   26    88
  114   183
   67   142
   75   236
  187    31
  145   213
    8     9
  242    46
  230   200
   16   219
  220   173
  208   250
  143    31
  222   222
  148    57
   28   144
    4    25
   11   192
  117    19
  230   222
    7    66
   55   237
   36    69
   51   120
   25    94
   61    67
    7    90
   84   101
  224   163
  154   176
  231   110
  134   223
   11   181
   56    25
  154   235
   40   109
  227   116
   14    65
    1   228
   69   120
  160    46
   27   134
  115    44
   28   103
    9   103
  207    78
   71   187
  118   149
  120    99
   33   239
  230    51
  177     3
  192   246
  217    32
   49   182
  187   186
  234   127
  227   137
    2    40
  122   164
  191    58
  194   183
  234   201
  220   230
   43   179
   18   143
   31   241
   74   158
   10   213
   91   106
  208    60
  135    94
  152   128
   15   156
  187   130
   55   244
   31   234
  203   242
   72    64
  248    72
  230    24
   79   174
  210    46
   63   205
  182     2
   25    31
    6   180
  193   104
  226   120
   56   125
  241   123
   57    56
  154   198
  156   165
  178    50
  125    70
   70   121
   51    18
  199   113
  118   222
  127   100
  212    61
  191     3
   81   138
  218   190
  209    16
   47    34
   59    30
  162   211
  110    85
  172   238
   26   132
   38   217
  168   152
  154   142
  237    21
  231    61
  120   181
  163   197
  239   103
   72   126
  133   173
   58    70
  154     8
  127     4
  149   249
   96    13
   12    86
   50   153
  150   244
   35    85
  183    73
  142    74
  156    36
   73   201
  137    76
   37   109
   36   100
  225   112
  228   229
  191   112
  223   235
  160    97
   54    40
   81   230
  228   117
  156    47
  128   242
   85     6
   96    37
  241    16
  215     1
   76   242
    4    91
   23   214
  115   249
    5    59
  125   154
  137    91
  222   125
   63   105
   70   168
  131   126
   91   130
  173     4
  111   226
  213    22
   67    44
   80    86
  218   221
   19   233
   45    22
   20     4
   72   131
   58    57
  240    12
  116   172
  109   167
   96   226
  192    53
  196   113
  193   164
    8   191
  235   195
  196   186
   11   120
   46    39
  178   239
  179    35
  149    68
  153   178
  164   128
  152    90
  219   138
  204     3
   93   246
    9   223
  155   134
  218   219
  222   108
   36   206
  105   118
   48    76
  134   134
  196    20
   87   232
   55   242
  237    79
  205   230
  197   237
  162   111
   98   147
  175    73
  117    26
    9    38
   43   112
  234    95
   40   208
   46   150
    7    67
  139   105
  246   236
   36   200
  102   212
  209    18
  115    14
  149   168
  206   196
  226   111
  155   155
  152    83
   10    12
  174    66
   37   197
   24    16
  217    55
  116   184
  167    40
  206    13
   95   170
   20    59
  114   198
  158     1
  159    40
  234    47
    2     4
   10   164
   46    29
  249   172
  191    78
   24    50
  162    24
  183   246
  144   177
  162    77
  157    95
  146   159
   53   196
  126   152
  248   223
  134     1
  160    19
   30   185
  131    15
  200    12
  113   111
   79   144
  189   186
  236    59
  212   232
   34    46
  112    39
  147   194
  249   203
  147    91
  221   209
  163   127
  111    79
  217    89
  142     8
   22   212
  147   195
  242   226
  175   117
  172    74
    2   231
  119    99
  124   202
  204    28
  123    11
   50   216
   92   167
   55   194
   32   195
   93   196
   61   112
   27    31
  124   117
  107   126
   90     2
   56    60
  169   217
   49   105
   10   132
  179    97
  232   157
   43    65
  144   145
  250   100
  220   207
   96     9
  231   128
  183    28
  164   109
  232   113
   39   161
   80    23
  173   107
   68   218
  196   160
  195   236
   23    56
   40   121
  195   127
  207   242
  118   118
  128   157
  224   247
   14    22
   46   190
  130   247
   66   212
  140   106
  195   135
  139   195
   19   191
   45   149
  101   157
  222    84
  160    52
  231   147
  149   231
    9    30
  170   148
  158   246
  178   233
  249    96
   13    82
  227     4
    8   214
   87   179
   65   133
  187   195
   35   166
  235   216
  214   170
  103   181
   49   117
   62    78
  143   161
   15   213
   47   205
    1    54
  161   247
  140   222
  121   189
  104   150
   26    79
   11    83
   31    73
   46   163
   11    27
   81    75
   13    40
   53   112
   49   126
   24   108
  208    26
  111   197
  222    24
   38    11
   41    65
  132   147
  166    36
   30    86
  173   138
  174    69
    2   221
   51   250
   89    59
  178   223
   34   129
  193   151
  208    14
  146   119
  149    97
   39    72
   93   122
  224    20
  127   183
  205   241
   46    59
  141    36
  152    89
  192   239
  232   245
  138    87
   32    86
  119   241
   90   240
   64   214
    6   182
   61     4
   25   102
   34   224
  241     6
    4   246
  178   115
  181   237
  119    32
  245   235
   56   112
  112   249
  195   184
   89    51
  101   218
  209    49
   13   129
   31    65
  111    27
  117    77
  163    49
   30    32
  113   173
   98   242
  163   235
  199   155
   56   219
  248     6
   55   232
   33   183
   62   174
   55    20
  142    30
   56   136
  239    12
  235    35
  127   232
  124   216
  145    43
  229    23
  190   162
  132   172
  206   154
   52   148
  115    78
   12   106
   44   166
  197    89
   87   244
  170    80
   47    93
  188   235
  236   106
  214   213
   31   106
  230    34
  216   136
  112   196
   53   200
   23   150
  187    28
  242   192
  216    57
   76   231
  248    81
  175   165
  100    86
  227   223
   90   205
  220    46
  241   116
   95   215
  195   174
  166    62
  173    65
   65   175
  138   224
  234   161
   45   242
   58   101
   70    16
  208   244
  157   240
    1   125
  121   243
  109    30
   55    26
  246    81
   11    74
   85   229
   61    95
  126   151
  204    84
   73   123
   10   214
  247    91
  105    93
   34   119
   85     4
   52    69
   26    67
  154   163
  106    23
  233   174
  101   120
  219   104
   20    22
  107   166
   50    99
   57   154
   77    93
  156   136
   40   180
  161   130
  118   195
   12    91
   71    93
   51    70
  141   132
  180   202
  236    14
  164    30
  195   219
  227   166
   86   131
  158   229
  193   182
  102   196
  127   246
  172   152
   35   218
  112     7
  181   145
   37   164
  101   218
  136   245
   70    78
  155   185
  167   245
  144   123
   63   246
   33   156
   66   154
  169    94
  242   147
   38   212
  222   197
  170   192
   35   140
  199   119
  221    21
   95    97
  114     9
   85    58
   17   225
   52   236
  152   111
  173   210
   45   155
  191    14
   50   183
  239   104
  138   117
  152   110
  233   120
   63    51
   24   177
  163   221
   34   120
   10    30
  114    81
  176    25
  191   104
  198   244
  226    84
  195   121
  233   164
  125   180
   95     5
  109   120
  246   231
  205   201
  111    73
  235   197
  184    57
   97   134
  235   159
  198   132
  138   182
  235   131
  234    58
  237    40
  186     3
  183   196
  114   235
  140   195
   21    86
  204   197
   95     4
   23    79
  111   149
  243   221
  133    80
   25   239
  141    95
   80   168
  220    24
   67   197
  134    52
  238   129
  100    21
  237   176
   18   151
   41    58
  203    93
    3   235
   35   123
   80   147
   46    16
  242   234
  106   235
   90    61
  163   184
   12   178
  141   133
   64   182
   28   186
   80   175
   59    96
  170   217
   95    17
   43   167
  209   212
   88    29
   30    33
  204    40
  223   116
  202   183
  132   108
  234    46
   58    99
  134    51
  238   220
  248   121
  207    67
   35    54
   14    62
  133   156
  157   224
  152    58
  192    33
  206    49
  250    30
   54    97
  214    42
  130   129
   78    44
  169    38
  184    49
   65    92
   49    41
  179   142
  162    71
   63    20
   27     9
  191   197
  162    93
   15   209
  219   206
  104    10
   96   189
    3    64
   89   108
  187   238
  237   159
  195    18
  125    77
  125   244
   40   165
    8   217
  195    77
  199    23
  245   204
   64    78
   28   232
   21   247
   73   207
   39     1
   71   198
   44   245
  130    82
  104   243
    1    26
   94    79
   20   118
   86    15
  117    73
   33   250
  158   235
  146   128
   58   221
   38   192
   42   236
   56    40
  128   130
   27   155
  157   228
  210   214
  233    20
  184   196
   33   209
   45    84
  181    56
  170   125
  233   154
  242    52
   88   117
  173    14
  136   151
   84   161
  152    38
   41   238
  224   127
  122   135
  138    74
  207   210
  198    13
  193    18
   21    63
  128   215
  123    90
  146    96
  174   164
   15   212
  150   233
  202   123
  198    37
   92    29
  162   127
  111    53
  238   115
   18   238
  140   226
   33    39
  117   114
   29   235
  204    86
   61    22
  235   239
  175   165
  179    71
   89    27
  169    61
   23   122
  102     2
  246    44
   86   179
  160    12
  227   190
  222   212
  164   116
  240   236
  143    92
  195   208
  241    88
  107   240
  226   239
  219    57
  171    66
   37   124
  163   202
  156   132
  194    36
   98   197
   93   130
   62   209
  222   126
  166    55
   19   113
  196    22
  121    17
   93    33
  171   189
  138   153
  123    36
   28   196
   79   225
   79   234
   99    24
  162    50
  147   202
  212   166
  246    12
  197    32
  193   132
   11    38
  167     6
   84   173
  231    25
  195   127
   46   176
  106   217
  207    39
  215   150
   35   121
   12    28
   20    69
  212   154
  188   121
   31    50
  190   198
    1    81
   98    14
  179   112
  116   156
  172    77
   96   244
  110   141
   95   144
  223   203
   34   170
  119    64
  111    13
  148   243
   77   152
   35    36
   79    35
   32    99
  246    63
  240   156
  115   158
  135   122
  242   172
  233   111
  130    74
  191   123
   98    42
  231   134
  225    80
  231   217
  119   210
   28    81
   13   209
   98    68
  127   207
  109   133
  114    80
    9   144
  214    31
  129   175
  232   222
   17    18
  137    49
  181   175
  126    21
   82   142
  243    99
  183    72
   74    80
   56    96
   89   179
   49   249
  150   204
   21   147
   64   229
   30   161
  142   128
   32   212
  181    64
   44   106
  166   165
  233    34
   52    87
   10   203
  216   113
   68   127
  202    91
   93    91
  162   153
   11   133
  100    62
   55     5
   93   196
   90    90
  154    20
  156   220
  140    74
  212   233
  108   137
   85    29
  176     6
   54   160
  234   190
  224     9
   19    96
  157   126
  213   239
    9    77
  244    27
  131    27
  192   208
  176    26
  105   149
  154    61
   58    83
  151   123
  224   233
  167   185
   43   218
   40   244
  184    51
  128    39
  157    10
  241   118
  186    44
  173   135
  243    90
  168    18
  246   155
   63    11
  111    77
  215   154
  176   117
  120   140
   65    56
  183   155
  118    55
   49   220
  183    73
  145   178
  144   202
  236   168
  129   182
  165    83
   23   152
   81    57
   61    54
   22   175
  173    59
  143    79
   90   187
   34    52
  172    95
   94   239
  207   233
  103   156
   31   215
   74    66
   48   152
  155   234
   49   243
  101   179
