200
500
   41    15
   42   155
   59    41
  135    26
  141   115
  132    97
   93   132
  119    35
  146   140
   62    33
  186    11
   22    66
  118    99
    5   171
  194   116
  135   148
   57   100
  149   167
   54   136
  133   109
  197    60
  106    23
  103    59
   35   166
   92   132
   34   143
   51   193
   19    55
   53   181
  180    38
  200     1
   35   107
  191   155
  130    20
   47    91
  200    56
  132   195
   26   188
  114    83
  167   142
  175    86
  137    81
   45    13
  158   109
  142    46
   30    50
   16   169
  120    73
    8   150
   93    31
  122    22
  198     7
   78    44
  104    75
  111   192
  117   119
   30    72
    7    66
  155   187
   86   169
   51    20
   25   194
   61   167
   57    90
  134    51
   24   163
    4    76
   81   110
  184   123
  161    81
  156   125
  154    85
  140   109
  177   166
  114    15
  101   128
  169   170
  160   146
   27   184
  115   194
   78    53
    9    53
   57   178
   21   137
   68   149
  120    49
  133    39
  130    51
  127   153
   42   146
  117   132
   49   132
   37    36
  184   127
  127    87
    2   140
  172    64
   91     8
   44    83
  184    51
  120   180
  193    79
  118   193
   81   191
   74     8
  110   113
   41     6
  108    10
  185    94
   52    28
  165   106
  137    30
    5   144
  131   184
  153    92
  172   114
  198    22
   80    24
  129    24
   10   196
  113    55
   82   152
   25   131
  106    30
   43     4
  176    70
   56    75
  141   123
  107   106
    4    98
    6    65
   78   200
   75    70
  170    71
  101   168
   99    13
  168    72
  177    50
  162    61
   41     3
  181   138
  168    40
  109   166
  147   134
   59    80
  162   161
   60    85
  122   138
   76    32
  138    17
   68    52
   54   192
  187   121
   31    11
  120    81
  163    47
  189    53
   72   126
  183    73
  108    20
  154     8
  177   154
   49   149
  196    13
   12   136
  100   153
   50   194
  135   135
  133   173
  192    24
    6   186
  173   101
   37   176
   37   109
  186   150
  175   162
  178    29
  141   112
   73    85
  160   147
   54    90
  181   180
   28    67
  156    47
   28   192
  185   156
   96    37
   91    16
  115   151
   26   192
    4    41
   23   114
   65    99
  155   159
  175   104
  137    41
   72    75
   63     5
   70   118
   31    76
   91    30
  173     4
   11   126
  113    22
   17    94
  180    36
  118    71
  119    33
  145    22
   70     4
   72   131
  108   107
  140    62
   16    72
   59   117
   46    26
  142     3
   96   163
   43    64
   58    41
   85   145
   46    36
  111    20
  196   139
  128   139
  179    35
  199    18
   53    28
   64    78
   52    90
  119   188
  154    53
  193   196
  159   173
  155   184
   68   119
  122   108
   36   156
  105    68
   98    76
  184    84
  196    70
  137    32
   55    42
   87   129
    5    30
   47   137
  162   161
   48   147
  125    23
  167    26
    9   138
   43    12
   34   145
   40    58
  196   200
    7   167
   39   155
  146   186
  136   200
   52   162
    9   168
   15    14
   49    18
   56    46
  126    61
    5   105
  102   183
  110    12
  124   166
  137   147
   24    66
  167    55
   16   134
  117   140
  106   113
   45    70
   20   109
  114    48
   58    51
   59    40
  134    97
  102   154
  110   114
   46    79
  199    72
  191   178
   24   200
   62    24
   33   146
   94   177
  162    27
  157    95
   96     9
   53   146
   26     2
  198   173
   34     1
  160   169
   30   135
   31   115
  150   162
   63    61
  129    44
   39    86
  136    59
  162   182
   84    96
  112   139
  147    94
   99   153
  197    41
   21     9
   13   177
  111   129
   67    89
   92   108
   22   112
  197    45
  142    76
  125   117
   72   174
   52    31
   19   149
   74    52
  104   178
   73   161
  150   166
   92    17
  155    44
  182    95
  143    46
   11    12
  177    31
  124    17
  157    26
  190     2
    6   110
  169   167
  149    55
  110    32
  179    97
   82   157
   43   115
  144    95
  200   150
  170     7
   46     9
   31   128
  133   178
   64    59
   32   163
  189   111
  180    23
  173   107
   68   168
  146    10
  145    86
  123   106
  190    21
  195   177
   57    92
  118    68
   78   157
  124   197
   14    22
   46    40
  180   147
  166   162
   40     6
  195   135
  189    45
  169   191
   45   149
  151   107
  172   184
   10     2
   81    97
  199   131
    9    80
   70   198
  158    46
  178    83
  149    46
   13   182
   77    54
    8    14
  187   129
   15    33
  187   195
   35   166
  185    16
  114    70
   53    81
   49   167
   12    28
  193   111
  115    63
   47   105
  151   104
   61    47
   40   172
   71   189
    4    50
  176    29
  111    83
  131   173
   96   113
   61   177
   31    25
   63   190
    3    62
   49    76
   24   108
   58   126
   61   197
  172    74
  188    11
  141    15
   82   147
   16   136
   30   186
   73   188
  174   119
  152    71
  101   100
  189     9
  178   123
   34   129
  193     1
  158    14
  196   169
  149    97
  189    72
   93   122
   74   120
   27   133
  155    91
  196     9
  191    86
  152   189
   42    39
   32    95
  188    37
   32   186
   19    91
   40   140
   64    64
  156    82
  111    54
   75   152
  184   124
  141    56
  154   146
   78   165
   31   137
  119   182
  195    85
  156   162
   62    49
   95    84
   89   101
   51    68
  109   149
   13    79
   31    65
   61    77
  167    77
  163   149
   80   132
  163    23
   98   142
  163    85
   99   155
  156   119
  148   106
  155    82
  183    83
   12   124
   55    70
   92    30
   56    86
  189    62
   85    85
  127    32
   24   116
  145   193
  179    23
  190   112
  182   172
  156   154
    2   198
   65   128
  162   106
   94   166
   97   189
   37   194
   70    80
   47   143
  188   185
