250
5000
  241   165
   92    55
   59    91
   35   126
   41   215
   32    47
  243   182
  219   185
  246   140
   12   183
  236    11
   22    16
   18   149
   55    71
  194   166
  235    98
  207    50
   99   117
  204   236
   33     9
   47   110
   56    23
   53    59
  135   166
   92   182
   34   143
  101   243
  119   155
    3   181
   30   238
  200     1
  185   107
   91   205
  230    70
  147    91
  250   206
   82    45
   26    88
  114   183
   67   142
   75   236
  187    31
  145   213
    8     9
  242    46
  230   200
   16   219
  220   173
  208   250
  143    31
  222   222
  148    57
   28   144
    4    25
   11   192
  117    19
  230   222
    7    66
   55   237
   36    69
   51   120
   25    94
   61    67
    7    90
   84   101
  224   163
  154   176
  231   110
  134   223
   11   181
   56    25
  154   235
   40   109
  227   116
   14    65
    1   228
   69   120
  160    46
   27   134
  115    44
   28   103
    9   103
  207    78
   71   187
  118   149
  120    99
   33   239
  230    51
  177     3
  192   246
  217    32
   49   182
  187   186
  234   127
  227   137
    2    40
  122   164
  191    58
  194   183
  234   201
  220   230
   43   179
   18   143
   31   241
   74   158
   10   213
   91   106
  208    60
  135    94
  152   128
   15   156
  187   130
   55   244
   31   234
  203   242
   72    64
  248    72
  230    24
   79   174
  210    46
   63   205
  182     2
   25    31
    6   180
  193   104
  226   120
   56   125
  241   123
   57    56
  154   198
  156   165
  178    50
  125    70
   70   121
   51    18
  199   113
  118   222
  127   100
  212    61
  191     3
   81   138
  218   190
  209    16
   47    34
   59    30
  162   211
  110    85
  172   238
   26   132
   38   217
  168   152
  154   142
  237    21
  231    61
  120   181
  163   197
  239   103
   72   126
  133   173
   58    70
  154     8
  127     4
  149   249
   96    13
   12    86
   50   153
  150   244
   35    85
  183    73
  142    74
  156    36
   73   201
  137    76
   37   109
   36   100
  225   112
  228   229
  191   112
  223   235
  160    97
   54    40
   81   230
  228   117
  156    47
  128   242
   85     6
   96    37
  241    16
  215     1
   76   242
    4    91
   23   214
  115   249
    5    59
  125   154
  137    91
  222   125
   63   105
   70   168
  131   126
   91   130
  173     4
  111   226
  213    22
   67    44
   80    86
  218   221
   19   233
   45    22
   20     4
   72   131
   58    57
  240    12
  116   172
  109   167
   96   226
  192    53
  196   113
  193   164
    8   191
  235   195
  196   186
   11   120
   46    39
  178   239
  179    35
  149    68
  153   178
  164   128
  152    90
  219   138
  204     3
   93   246
    9   223
  155   134
  218   219
  222   108
   36   206
  105   118
   48    76
  134   134
  196    20
   87   232
   55   242
  237    79
  205   230
  197   237
  162   111
   98   147
  175    73
  117    26
    9    38
   43   112
  234    95
   40   208
   46   150
    7    67
  139   105
  246   236
   36   200
  102   212
  209    18
  115    14
  149   168
  206   196
  226   111
  155   155
  152    83
   10    12
  174    66
   37   197
   24    16
  217    55
  116   184
  167    40
  206    13
   95   170
   20    59
  114   198
  158     1
  159    40
  234    47
    2     4
   10   164
   46    29
  249   172
  191    78
   24    50
  162    24
  183   246
  144   177
  162    77
  157    95
  146   159
   53   196
  126   152
  248   223
  134     1
  160    19
   30   185
  131    15
  200    12
  113   111
   79   144
  189   186
  236    59
  212   232
   34    46
  112    39
  147   194
  249   203
  147    91
  221   209
  163   127
  111    79
  217    89
  142     8
   22   212
  147   195
  242   226
  175   117
  172    74
    2   231
  119    99
  124   202
  204    28
  123    11
   50   216
   92   167
   55   194
   32   195
   93   196
   61   112
   27    31
  124   117
  107   126
   90     2
   56    60
  169   217
   49   105
   10   132
  179    97
  232   157
   43    65
  144   145
  250   100
  220   207
   96     9
  231   128
  183    28
  164   109
  232   113
   39   161
   80    23
  173   107
   68   218
  196   160
  195   236
   23    56
   40   121
  195   127
  207   242
  118   118
  128   157
  224   247
   14    22
   46   190
  130   247
   66   212
  140   106
  195   135
  139   195
   19   191
   45   149
  101   157
  222    84
  160    52
  231   147
  149   231
    9    30
  170   148
  158   246
  178   233
  249    96
   13    82
  227     4
    8   214
   87   179
   65   133
  187   195
   35   166
  235   216
  214   170
  103   181
   49   117
   62    78
  143   161
   15   213
   47   205
    1    54
  161   247
  140   222
  121   189
  104   150
   26    79
   11    83
   31    73
   46   163
   11    27
   81    75
   13    40
   53   112
   49   126
   24   108
  208    26
  111   197
  222    24
   38    11
   41    65
  132   147
  166    36
   30    86
  173   138
  174    69
    2   221
   51   250
   89    59
  178   223
   34   129
  193   151
  208    14
  146   119
  149    97
   39    72
   93   122
  224    20
  127   183
  205   241
   46    59
  141    36
  152    89
  192   239
  232   245
  138    87
   32    86
  119   241
   90   240
   64   214
    6   182
   61     4
   25   102
   34   224
  241     6
    4   246
  178   115
  181   237
  119    32
  245   235
   56   112
  112   249
  195   184
   89    51
  101   218
  209    49
   13   129
   31    65
  111    27
  117    77
  163    49
   30    32
  113   173
   98   242
  163   235
  199   155
   56   219
  248     6
   55   232
   33   183
   62   174
   55    20
  142    30
   56   136
  239    12
  235    35
  127   232
  124   216
  145    43
  229    23
  190   162
  132   172
  206   154
   52   148
  115    78
   12   106
   44   166
  197    89
   87   244
  170    80
   47    93
  188   235
  236   106
  214   213
   31   106
  230    34
  216   136
  112   196
   53   200
   23   150
  187    28
  242   192
  216    57
   76   231
  248    81
  175   165
  100    86
  227   223
   90   205
  220    46
  241   116
   95   215
  195   174
  166    62
  173    65
   65   175
  138   224
  234   161
   45   242
   58   101
   70    16
  208   244
  157   240
    1   125
  121   243
  109    30
   55    26
  246    81
   11    74
   85   229
   61    95
  126   151
  204    84
   73   123
   10   214
  247    91
  105    93
   34   119
   85     4
   52    69
   26    67
  154   163
  106    23
  233   174
  101   120
  219   104
   20    22
  107   166
   50    99
   57   154
   77    93
  156   136
   40   180
  161   130
  118   195
   12    91
   71    93
   51    70
  141   132
  180   202
  236    14
  164    30
  195   219
  227   166
   86   131
  158   229
  193   182
  102   196
  127   246
  172   152
   35   218
  112     7
  181   145
   37   164
  101   218
  136   245
   70    78
  155   185
  167   245
  144   123
   63   246
   33   156
   66   154
  169    94
  242   147
   38   212
  222   197
  170   192
   35   140
  199   119
  221    21
   95    97
  114     9
   85    58
   17   225
   52   236
  152   111
  173   210
   45   155
  191    14
   50   183
  239   104
  138   117
  152   110
  233   120
   63    51
   24   177
  163   221
   34   120
   10    30
  114    81
  176    25
  191   104
  198   244
  226    84
  195   121
  233   164
  125   180
   95     5
  109   120
  246   231
  205   201
  111    73
  235   197
  184    57
   97   134
  235   159
  198   132
  138   182
  235   131
  234    58
  237    40
  186     3
  183   196
  114   235
  140   195
   21    86
  204   197
   95     4
   23    79
  111   149
  243   221
  133    80
   25   239
  141    95
   80   168
  220    24
   67   197
  134    52
  238   129
  100    21
  237   176
   18   151
   41    58
  203    93
    3   235
   35   123
   80   147
   46    16
  242   234
  106   235
   90    61
  163   184
   12   178
  141   133
   64   182
   28   186
   80   175
   59    96
  170   217
   95    17
   43   167
  209   212
   88    29
   30    33
  204    40
  223   116
  202   183
  132   108
  234    46
   58    99
  134    51
  238   220
  248   121
  207    67
   35    54
   14    62
  133   156
  157   224
  152    58
  192    33
  206    49
  250    30
   54    97
  214    42
  130   129
   78    44
  169    38
  184    49
   65    92
   49    41
  179   142
  162    71
   63    20
   27     9
  191   197
  162    93
   15   209
  219   206
  104    10
   96   189
    3    64
   89   108
  187   238
  237   159
  195    18
  125    77
  125   244
   40   165
    8   217
  195    77
  199    23
  245   204
   64    78
   28   232
   21   247
   73   207
   39     1
   71   198
   44   245
  130    82
  104   243
    1    26
   94    79
   20   118
   86    15
  117    73
   33   250
  158   235
  146   128
   58   221
   38   192
   42   236
   56    40
  128   130
   27   155
  157   228
  210   214
  233    20
  184   196
   33   209
   45    84
  181    56
  170   125
  233   154
  242    52
   88   117
  173    14
  136   151
   84   161
  152    38
   41   238
  224   127
  122   135
  138    74
  207   210
  198    13
  193    18
   21    63
  128   215
  123    90
  146    96
  174   164
   15   212
  150   233
  202   123
  198    37
   92    29
  162   127
  111    53
  238   115
   18   238
  140   226
   33    39
  117   114
   29   235
  204    86
   61    22
  235   239
  175   165
  179    71
   89    27
  169    61
   23   122
  102     2
  246    44
   86   179
  160    12
  227   190
  222   212
  164   116
  240   236
  143    92
  195   208
  241    88
  107   240
  226   239
  219    57
  171    66
   37   124
  163   202
  156   132
  194    36
   98   197
   93   130
   62   209
  222   126
  166    55
   19   113
  196    22
  121    17
   93    33
  171   189
  138   153
  123    36
   28   196
   79   225
   79   234
   99    24
  162    50
  147   202
  212   166
  246    12
  197    32
  193   132
   11    38
  167     6
   84   173
  231    25
  195   127
   46   176
  106   217
  207    39
  215   150
   35   121
   12    28
   20    69
  212   154
  188   121
   31    50
  190   198
    1    81
   98    14
  179   112
  116   156
  172    77
   96   244
  110   141
   95   144
  223   203
   34   170
  119    64
  111    13
  148   243
   77   152
   35    36
   79    35
   32    99
  246    63
  240   156
  115   158
  135   122
  242   172
  233   111
  130    74
  191   123
   98    42
  231   134
  225    80
  231   217
  119   210
   28    81
   13   209
   98    68
  127   207
  109   133
  114    80
    9   144
  214    31
  129   175
  232   222
   17    18
  137    49
  181   175
  126    21
   82   142
  243    99
  183    72
   74    80
   56    96
   89   179
   49   249
  150   204
   21   147
   64   229
   30   161
  142   128
   32   212
  181    64
   44   106
  166   165
  233    34
   52    87
   10   203
  216   113
   68   127
  202    91
   93    91
  162   153
   11   133
  100    62
   55     5
   93   196
   90    90
  154    20
  156   220
  140    74
  212   233
  108   137
   85    29
  176     6
   54   160
  234   190
  224     9
   19    96
  157   126
  213   239
    9    77
  244    27
  131    27
  192   208
  176    26
  105   149
  154    61
   58    83
  151   123
  224   233
  167   185
   43   218
   40   244
  184    51
  128    39
  157    10
  241   118
  186    44
  173   135
  243    90
  168    18
  246   155
   63    11
  111    77
  215   154
  176   117
  120   140
   65    56
  183   155
  118    55
   49   220
  183    73
  145   178
  144   202
  236   168
  129   182
  165    83
   23   152
   81    57
   61    54
   22   175
  173    59
  143    79
   90   187
   34    52
  172    95
   94   239
  207   233
  103   156
   31   215
   74    66
   48   152
  155   234
   49   243
  101   179
  134   192
  214     1
  139   144
  170   244
   49   102
    4   164
  199   140
  223   170
   88   238
  178     5
  142   214
  200    49
  212   207
  157    48
  183   171
   18   141
    5    37
  131     6
  117   112
  180   134
   68   197
   34   169
   82    68
   35    99
  146   126
  213    74
   78   212
  224   192
  150    77
   56   118
   94    59
  244    15
  241   159
  236   203
  196    88
   19   207
   12   236
  156   103
   18   142
  134    35
  186   173
  108   166
  127   109
   68   121
   30   242
   48    62
   18   168
  167   198
  188   182
  136    19
  205   105
  245   207
   61    16
   74   146
    4    49
  158    52
  246   184
  161    49
   27    60
  218   124
  109   119
  222   143
  109    58
  139   164
  208   105
  165   250
   49   209
  243    78
  124   153
   15   116
  212   107
  248   212
   40    28
    2    20
  237    60
   31    77
   95   120
  160    48
   90    79
   41    11
  217    29
   93   185
  107   219
  138   202
    9    59
   34   202
   31   111
  216   193
   42   184
   65   162
   25    11
  186     4
   87   189
  132   130
    8   102
   96    13
  134    32
  123    30
   88    32
   40   188
   31    51
  195   214
  175    50
   42   193
  204    30
  126    82
  221   220
  149   192
  125    53
  105   110
  182   182
   30   186
   15     6
  106   118
  133   145
   77   174
   37   187
  216   201
  249    36
   78   178
   21    64
   64   225
  158   230
  215   185
   72   192
  134   242
  205   114
   57   135
  107   137
   68   127
  227   120
  116    22
  175    49
   78   148
   15   216
   50    63
  123    56
  138    57
   92   175
   84    47
   67   144
  138    25
   37   175
    2   216
   92   193
   48   207
  219   230
   79    36
   43   151
   42   198
  140   119
   34   140
   19    73
    1   145
  228    80
   92    86
   76   112
  237   148
  248    45
  146   240
  237    11
   35    43
   40    59
  223    22
  159    29
  108   132
   93    59
   45    87
   78    50
  123   152
   45    72
  144   112
   53    64
  147    74
  229   226
  169   236
   90   139
   31    67
  233   140
  106   178
  199    22
  205   190
   97   223
   13    20
  188    92
   38    25
  178   138
   51   248
   26   180
   20   194
  161    89
  203   107
   41    85
  100   234
  125    42
   18   214
  219   129
  120   165
  209   176
  104    29
   69   131
  218    37
  246   152
  147   178
    3   144
   30    95
  125   168
  136   147
  170   202
   59   140
   26    41
  230    97
    7   108
  187    94
  194   107
   29   155
   19     3
  220   246
   22    45
   90     4
   43    39
   45   230
  189   129
   77    95
   57    98
  145   180
    9   137
  217    97
  179     3
   92   104
   73   228
   14    60
   96    90
  241   145
  131    96
   75   122
   49    26
    6    53
   36   180
   31   105
   82   238
   68    33
  216    32
    7    50
  191    56
  240   212
   77   102
   81   128
  140   126
   64    61
  110   153
  242   176
  103   232
   55   163
  220    78
   72     7
   49   184
  153    11
  194    58
   90     3
    4   153
  146   204
  107    72
   18     9
  195   216
  111   137
  200    41
  227   170
  224   223
   73   209
  188     6
   78   123
  234   118
    7    87
   69     3
  151    51
  159     7
   30    85
  166   218
  155    43
  205    24
  188   130
  184   149
  223   112
   49    90
  111   109
  222    99
  116   130
   53    95
  192   212
  188   183
   94   246
   66   111
  243    52
  195   129
  198   194
    8    72
  119   144
  105   195
   45   121
   48    54
   93   168
  115     3
  104   232
  128   150
   50   183
    2    42
  150   151
   82   202
  240    94
  121   131
  113   241
  216   163
  188    46
  209   124
  125   153
   32   249
  198    22
   68   225
  242   220
  203   170
  142   101
   66   164
   31   160
   27   230
  143   156
  161    35
   38   142
  143   247
  127   103
   29   183
  133   200
  103   173
  218    77
   52   154
  239    52
   60   208
   53   156
  239    63
   61   162
  176    29
  238    32
  109    34
  163    99
   54   135
   41     6
   65    84
  181   153
  170    62
   99   172
   54   246
   68    10
   46    97
  249    27
  138   229
   11   133
  185   109
   78   235
  196   181
  128   203
  171    49
   99    18
  120   186
   26   250
  235   130
   61   238
  195   120
  151   135
  233    82
  244   155
  144   246
  243   114
  157   199
  158    77
  100   245
  129   179
   55    51
  145   102
   96   172
  243   169
   93    38
  182    37
  110   159
   16    82
  106   187
   75    19
   24   195
   32    10
  228    56
  246   138
  147    92
  219    95
  148   236
   39   127
  118   199
   20   114
  112    31
  238   238
   72   237
  158   111
  176   242
   51    40
  197   188
  237    45
  150   215
   93    92
  168    77
  246   246
  223   136
  210    63
  224    75
  173     5
   24   187
   90   222
  174    33
  158   145
   65    68
  239   249
   60   115
  232     9
  201   130
  198   169
   85   186
   90   186
  100    91
  189   239
   64    72
   11    50
  149   113
  221   188
   88    46
    2   204
   80    53
  219   221
  106   113
  217   241
   21   231
  145   178
   98   220
  240    43
  239   193
  165    34
  231   214
   39   125
  227   224
   47    75
  147   178
  112   227
  250    90
   19   170
  235   157
   24   189
  192   184
  106   215
  174    86
  225    16
  172    24
  246   216
   89   216
  119    81
   80   137
  200   128
   59   212
   81   152
    1   161
  116    75
  108   155
   48    49
  152   229
  152   137
   18   186
  121    83
   87   135
  176   184
  244   170
  183    22
  234   244
   92   161
  179   183
   19    38
   99   186
   91   151
   75    72
   30     1
   73   237
   92   207
  239    51
   70   215
  174   167
   84   202
  105   234
  241   148
  177   191
   11   235
  179    78
  196    98
  170   100
  115   212
  197   133
  164   147
  103    75
   12    13
  234   128
   27   157
   97    60
  235   208
  189   153
   94   115
   68    52
   43    79
  204    72
   55    80
  162    57
  202   129
  170    61
  204   179
    7    83
  250    68
  128   164
   20   132
   70    52
  189   114
   22   152
   41    77
  235   200
  175   206
  246   159
  159   142
   11   131
  134   116
   61    21
   48    71
  121   155
  123   222
   34    45
   83   237
   95   113
   90    66
  162     8
  148   133
   31   163
  164    99
  204     9
   34   237
  249   206
  220   182
  155    53
   21    10
  214   187
   14   101
  110    32
  201   236
   84   137
  119   149
  158   212
   47   109
  168   151
  100   195
  194   123
   18    47
  234    37
   43    89
   85   197
  232   162
  158   113
   97   117
  246    34
  233    18
  215    95
  169     9
   46     4
  209    87
   62     3
  199   142
   59   122
   57    10
  108   198
  193    47
  235    10
  135   157
  206   134
   51   114
   43   207
   47    29
   80    53
  106    13
  234   198
   53    39
  166    91
  201   165
  134   207
   32    64
  230   145
  126   109
  201    25
  209   179
  220   214
  219    55
  219    70
  225    49
   77    79
  187    92
  203   115
  199   137
  248   183
  170   221
  146    94
   74   127
   36    19
  173   181
   36   117
   46   204
  179   233
   97   174
  112    58
   40     8
   85   114
   45   137
   13   234
  143   224
  122   224
  214     6
  226   232
   33    81
  179   120
   63   159
  129    91
  156   113
   12   148
   28    68
  109   129
    4    39
  230   216
  176   169
   89   186
   61    78
  110   188
  236    74
  111   164
  113    12
  193   110
  100   238
  150    75
   78    96
  221    51
  134   174
   72   216
  224   112
  137   176
  212   190
  111    52
  122   103
   63   219
  101     8
   96   228
   17    55
  183   137
  217   207
  149   206
  218    23
  245    70
   19   169
   32    94
   38    74
  141   222
  192   247
  247   182
   57   195
  230    64
   51   176
  141   131
   80   118
   89    56
   53     6
  113     9
  223   116
  131    36
    1   194
  200    73
   66   106
  148   176
   37   161
  164   201
  212   168
  151   101
  138    55
  120   132
   30   139
  241   194
  140    55
    9   116
    5   230
  171   141
  238    47
   23   106
   77   141
  177    40
  211   189
  104    92
  219   161
  122    76
   75    18
  164   236
  191   165
  117   134
  102   228
   70   133
  240   201
   95   131
  142     1
  220   196
   86    48
  165    76
   97   208
  173   151
  156     8
  133    73
  191   223
  121   151
   49   103
  202    94
   42   246
  236   239
  109   126
  114   185
  198   193
  214    96
    3    73
  220    75
   50    46
    2   243
   60   227
   78    87
  187    77
   43   148
   15     3
  110   246
  185    48
  196   192
  227    86
   85   171
   93   240
   34   110
  160   207
  212   218
  108    14
   84   123
   92   176
   76    85
   37   146
  187   113
   66   216
  232     6
   15    90
    2   134
  116   142
   20   143
   23   171
  225   100
  118    52
  205   121
  149    49
  152    85
  152   241
  216    82
   67   226
  203   161
   68    74
  117   119
  143   204
   65   197
  152   159
  115   216
  106   244
  218    32
   17    54
   29    38
  248   104
  111    59
  237   136
  188   236
  154   241
  132    13
   69    98
   27    54
  124    55
   25   119
  106    81
   26   228
   26   120
  162   233
   68   114
   80   121
  220   200
  149    20
  213    10
  207   168
  205   233
   49     1
  140    94
  169    78
   20     3
  155    40
  134   165
  160   233
  109    70
   22   229
   57    46
  132    10
   71   226
  100   242
  224     7
  128   107
   20   159
   43   101
  243   141
  203    61
  211   247
   52   132
   36    65
   25    88
   67     3
  231   166
   12    99
  164   174
  146   242
  195    22
  209   103
  179   137
  139   231
  117   165
  118   104
  181    21
   66    54
  195   151
   65   187
  232   147
    7   170
  200   179
  142   100
  239   225
  212   147
  112   188
  168    54
    5    96
   39    70
   16    85
   67   223
    1   218
   66    38
  137    99
  162    41
   61   134
   84   179
   61   227
  153   115
  173   106
  155   182
  199    92
  220    24
   90   220
  197   113
   20    43
   68   218
  103   104
  163   192
   37   105
  155    42
  231   149
  212   201
   85   101
  224   202
  191   161
  213   113
   71   229
  231   130
    4    25
   53   241
  227   203
  155    97
   34    36
   51   181
  102   180
   58   150
   80   247
  149    80
  148    60
  150   160
  215    68
    3   184
  168   240
  163     4
  203    92
  218   211
   27    27
  102    46
  138    15
  209    56
  185   232
  236   124
  250   174
   80    82
  184   242
  165   201
  106    41
   12   164
  177   241
  105   114
   21    50
   93   105
  146   199
   67   246
  226     9
   40   142
   33    12
   98    17
  135    64
  186   205
  202   245
   71   231
  182   232
  162   209
   31    35
   80    40
   20    49
   94    22
  223   219
  234   119
   25   154
  221   134
  191   162
   30    64
  237    34
   58   171
  134   136
   98   100
  186   172
   43   216
  217   205
  112    20
   12   236
   74    57
   81   179
   27    93
  189   228
  174     5
   20   189
   60    84
  218   204
   56   127
   14   129
  223     2
  228   250
   32    90
  110   193
   43   166
   97   176
   91    13
   65    53
  210   193
  219   155
  233    49
   56    10
  120    71
  232   114
   44   245
  183     8
   11   115
   34   236
    4    58
   59    46
    2   153
  143   108
    9    53
  115   194
  114   171
  222    78
  131   221
  182    14
   35    26
  193   103
   85    58
   22    31
  134    65
   78   184
   10    48
  212   157
  217   119
    2   216
  212    19
  234   240
   51    46
  218    33
  183    56
  150    89
   12   209
  165   243
  114   109
  156    67
  188   149
   42   144
  124   157
   89   229
  183   104
   76   184
  248    22
   26   135
   51   223
  223    70
  248   144
  125   161
  101   174
  152    96
  147   232
  212    41
  157    81
  234    90
   68   139
  186    71
   30   180
  241     2
  227   225
   48   160
  147   200
    3    78
   30   138
  147    74
  110   150
  102   109
   54   248
  205   128
  216   181
  130   111
  205   180
   81   127
   94   227
   91    61
  202   249
   54   136
  120    85
   64   215
  163    60
  195    59
  201   185
  220    82
   94   147
  162    46
  130    50
   68    74
   50   146
   81   175
  224   114
  208     3
  228   185
  241   224
   38     1
  145    87
  222    78
  209   244
   63   194
  174    43
  116    11
  227   184
   53   199
   10    35
   71   170
    5   182
   61    57
  243   120
  203   163
  188    96
  229    60
   73   135
  176    74
   63   217
  199     4
  185   131
   27   167
  157    63
  153    84
   32   243
   81   152
  124     3
   95   142
   28    81
  127   190
  206   208
  227   217
   70    67
  235    84
   98    17
  219   185
  199    80
  171   236
   12   205
  207    22
  102   235
  237   198
  222   149
   92    15
    8    80
  215    35
  116   208
  249   141
   41    53
    7   243
   48    86
   43   155
  235   174
  194   242
   63   187
   68     3
   97   152
  230   151
  116   153
    7   104
   32    61
  240    97
   49   125
  170   235
  241    58
   65   227
   93    58
   88    65
   33   156
   91   208
  149    20
   88   220
   67   170
  225   216
  168   143
    8   248
  122    49
  117   249
  128    97
  208    48
  172   142
   28   125
  185    71
   29   125
   57   190
   45   247
   68   148
  173   177
   79   111
  197    53
  129   120
  180   103
   73   170
   54    83
  106    37
   97   142
  101   203
  194     8
  218   108
   24     7
  171    92
   75    68
  101    68
    3   241
    7    43
  211   122
  129    46
  217   159
    2   230
  235    24
  248   139
  152    22
   12    30
   50   233
  211     4
   95    87
   98   160
  201     8
   80    33
  119   211
  102   167
    6    73
  171    30
  167   146
  183   224
   85    96
  169   160
  154    94
  172    95
   55     5
  240   106
  172   147
   21   222
   61    36
   75    81
   78   213
   68    49
  116    51
   97   181
   17    82
  100   154
    1     5
  212   159
  169   248
  137   220
   33   164
  121   180
   12    49
  248    89
  171   170
  191    71
  138   149
    5    93
  105    97
   65   151
   55    62
   11   240
   31   179
   32    94
   49   218
   82   224
   78    21
  167   241
  210   246
  131    54
   76    95
  233   166
   93   206
  211   202
   27   163
  110   150
   42   168
    6   170
  112    20
  118   238
   66   220
  101    37
  101   179
  121   216
  146   214
  213   229
  175    62
  160    74
  142    86
  115   124
   51   213
   93   156
  185   172
  249     9
  246    57
  190    54
   29    61
  234    53
  169   209
  224   205
  126   186
  237   214
  167   100
   81    22
  122    48
  248   153
  122   101
  249   231
   49    48
  178   244
    9   232
  193    27
  121   133
   87   108
  164    56
  112     9
   91   245
   29    33
    9   172
   85    53
   57     7
  100   246
  125   188
  185    52
   81   170
    2   176
   71   124
   58    73
   40   118
  108   137
  245    41
  130     9
   96   172
  213    84
  133   226
   57   138
  137    10
  183   107
  249   165
   49   134
   82   198
   74    19
  166   236
   50   231
   44   236
   47   190
  167   194
  163   115
  241   103
  167   244
  245   149
  124   136
  146   108
   58   140
   83   232
  153    24
  226    77
   86   184
   26     8
  153   212
  146     4
  102   213
  126   208
  140    76
   20    94
  148   131
   25   106
  245   243
   29   207
  124    54
  238    85
    6   182
  181    15
  141   158
  247   179
   86   202
  187   136
  128   123
   88    92
  227   129
  193   137
   62    77
  246   200
   90   203
  173    22
   33   199
   69   199
    1    87
   77   156
  127   189
  129   199
  179    88
  193   103
   73   118
    2    10
  152   230
   87   100
  218   111
  161   104
  140    13
   42   103
  200     7
   54   122
   83    86
   80   114
  185    11
   58   126
   79    39
  146   180
   16   228
    7    24
  240    52
  159    99
  248   143
   65   163
   39   176
  204   164
   96   200
  120    19
  178     4
   64    75
   77    18
    1    63
   35   205
  166    70
  137   184
  201   101
  120   100
  177   146
   37   122
  146    23
  126   111
   58    85
  145    17
  236   223
   89   105
   83    76
  190    84
   38    15
  244   169
   92   242
  110   202
   82    53
   51    38
  143   100
  109   186
  138   235
  103   141
   46   176
  136   100
   58   136
  116    13
  236    97
  194   220
  220   152
  133   164
  127   106
   40   180
  175   175
  196   245
    6   129
   64    87
    9   218
   35    20
  214   196
  249    93
  116    91
  240   192
   97   172
  147    97
  144   242
  156   212
   35   165
   89   225
   45   118
  209    82
   16    11
   38    52
   27   216
  194   208
   63   149
   99   171
  187     9
  165   223
   30   231
   31    95
   42   215
  169   110
  142   133
  232   103
  149   152
  162    83
    7   170
   61    31
   48   161
   37    98
  156   233
   48   170
   36   119
   40   136
   68   242
  158    59
  148    44
   85    87
   52    36
  142   130
    3   184
  106   199
   23    46
  121   186
  163   164
   14    47
  149   102
   67    80
   88    24
  248    13
  131   243
   42   158
  233   110
  180   217
  152   140
   73    22
  223    46
   90    87
  138    32
   90   191
  154    33
  172   242
  134   102
  222   170
  203   229
  152   125
  151   127
  141   115
    4    57
   50    59
  107   198
   23    44
   50   246
  145   238
  192   122
   14   186
  180   159
  232   236
   68   162
   77   104
   45    15
  117   249
   90   220
  187    64
  125   141
  126    78
  165    86
  120    56
   55    54
  211   146
  149   106
  245    62
   18    27
  223   115
   41    98
   54    96
   13   228
  202    15
  120   138
    4    33
  179    80
  220    63
  212   146
  218   230
  149    64
  219   126
  203   180
   49   126
   80    93
   74    24
  150   184
   11   215
  134    11
   52   172
  243    68
  230   132
  151   101
  129   240
  207    76
    5    43
  192   121
  191    25
  210    16
  112   240
   31   250
   68   186
  160   182
  184   209
  246   191
  184    71
  108   115
  232   234
  239    45
  191    87
   31   226
  153    99
  126   227
  185   119
  128   172
  151    18
  240   152
   70   189
   58    98
  245   192
  199   231
  121    27
   99   207
  114   151
   47   138
  136   230
  242   135
  164    33
  110    43
  182   209
   59    83
  142   186
  127   111
   88    88
  149    81
   20    55
   62   173
   38   209
   46     3
  223    63
  102   218
   73   250
  244    92
  242    81
  169    24
  218   162
  226   193
  198   132
  204   178
  123   192
  156    53
   73   174
   26    96
  158   225
    2   227
  161    81
  105    22
   14   175
   96   107
  230   145
   89   159
  169   188
   93   102
  171    93
   44   140
  121   223
  205    94
  155   157
   11    20
  223    16
  173   205
  113   175
  250    40
   87   229
  246    37
   31   161
   96    89
   32   118
  208    57
   28    73
  157    83
  179     2
  106    94
   70    37
    6    13
  164    58
   33    60
  205   225
  242   122
   11   189
  100   203
   27   227
  119   228
  240   121
   50   229
  225    92
  248    48
  119    98
   23    17
  247   132
   68   115
   69     6
   55   228
   34    40
   12    51
  121    10
   25   173
   15    24
  133    73
   40   209
  154     4
   17    75
  108   234
  172    71
  102   229
  188   232
  211   201
   39   125
  136    32
   57    10
  140   165
   18    63
   84    82
   52   242
  146   247
  171   201
   78   181
  177   118
  223    44
   70   214
   35    29
   72   193
   55   157
  236   179
  169   249
   60    57
  142    11
  157   227
  191   246
  250   116
    7    93
  105    10
  204   184
   69   199
  180    91
  162    46
  154   177
   15   139
  147   152
  119   229
   19   235
   97   138
  237   181
  142   150
  110    16
  202   202
  165   108
  118   241
   34   157
  103     7
  163    94
  118   213
   46    85
  122   147
  210    80
  137    92
  248     4
   96    83
   90   140
   56     7
  230   177
  148   166
  146   112
   71   220
   55   157
  111   216
  205    65
  217   212
  239   117
   24   128
  206   185
  239   179
  192    11
  181    40
  187    83
  155   162
  129   200
   52    73
  128   124
   18    68
  226     6
  223   238
  143   115
   80    98
  151   123
   39    84
  236    60
  162   142
  237   220
  236   163
   94    78
  250   170
  200    53
   22    21
   46     9
  145    32
   65   196
  107   116
   63   235
   24   173
    8     6
  107   229
  189   135
  173   206
  239    15
  155   199
   28   248
  198   228
  137   247
  182   192
   25    36
    9   230
  200    19
   51    44
   85   232
   24   164
  187   140
  130    73
  135   121
  237   126
   13   222
   95   200
  174   241
  117   150
   70     8
  100   192
    5    54
  162    25
  238   215
   88    72
   42    27
  183   126
  171   153
  220   124
  180   172
   47    90
  191    51
  179    26
  171   213
   92   132
   70   114
  122   100
  103   145
   13   210
   98   182
  233   143
   45   226
   70   176
   82   229
   29   247
  189   239
   26   135
   69   206
   85    46
  217   194
  233   122
  237    25
  242    14
  204   232
   12   165
  250   240
  176    75
  140    12
  158    30
   19    20
  125   101
   47   173
   43   156
  164   220
   30   120
  184    82
   72    84
  122    25
  148   168
  232    98
   23   121
  168   140
  134   114
  214    14
  140   237
  132    68
  144   126
  216    94
  249   189
    9   111
   11   151
  123   112
   72    55
   88    45
  238   221
  169   150
    9   165
  102   162
   57    71
  224    53
  188   226
  145   152
  156   108
  249   213
   82    27
   62   187
  236    61
  121   144
  224   182
  225    69
   72   173
  250   207
  220   139
    3   122
    6   152
  184    90
   85   189
  171    84
  186   207
  183     3
  127   165
    1    64
   90    36
   27   203
    1     2
   41    99
  193    74
  136   146
  240    66
  124   192
  167   121
  234   230
  115   155
  179    78
  203   139
  250   165
   62   237
  240   196
   61    36
  117   120
  248    59
  182   111
  185    91
   93    36
  130   213
  167   225
   43    80
    9   167
  209   199
  229   225
   39   182
   22   228
   10   104
   56   184
  159    99
   21   148
  188   238
  137    85
  145    16
  175     7
   41    76
   60   185
   92   210
   80   170
  171   201
  241    98
  191   107
   54   165
  111    65
  176   158
   72    28
   94   240
  160    78
  125    52
  137    39
   77   168
  159   190
  126   230
   28    67
  107   188
  226   148
  220   143
  221   149
  231   198
  106   210
  200   204
   23   239
   48   114
  223   124
   54    26
   86   223
  186   158
  232   212
  143   216
  181    43
  120    31
  228   163
  154   163
   89   214
  153    78
  201   126
  223   154
  230     3
  242   163
   84   152
   80   213
   16    66
  149     5
   81   244
   83   247
  107   123
  146   161
   48    84
  129   190
  130    44
   20    90
  235   126
   27    44
  242   120
  153    96
  208   208
  177   131
    2   136
   98   154
  174    71
  195   182
  220   113
  224   121
  170    50
  116    94
   20   195
   71    53
   78   219
  244   242
   97   170
  183    52
   38   152
   98    32
   29   146
  137   212
  203   118
   82   158
  118   183
  113   231
  123   182
  224    78
   24    34
  217   122
   77    32
   99   151
  148    18
   91    72
  102   226
  224    68
  219   138
  139   204
  121   210
  144   157
   23   138
   87     4
    4   215
  233    22
   90   201
  203     3
   99     3
  134    77
  105   156
  241   192
  235    61
   85   166
  218   208
  239    51
  128   132
   35   144
  185   136
  234    39
  160    27
   17     1
  240    80
  203   113
   57    22
   28    14
    9   216
  112   119
   29   176
    8    50
  212   202
   14   172
  107    74
   36   157
   28    41
  216    86
    6    21
  179   100
  176    42
  225   245
  186    22
   45   103
   18    86
   78   150
  107    13
  217   212
   73   198
  140   232
  180   112
  238    45
   76   240
  113    32
   17    52
  159    70
    4    49
  194   198
  108   232
  247   121
   18    75
  246    82
    9   149
  184   187
   31     6
  241   181
   62   155
   35    80
  214   217
   13    61
   24    60
  101   110
  228   177
  207    91
  187   191
   29    54
   45   175
   85    80
   28   212
  146    84
  114    92
  220    36
   11    56
  177    65
  224   100
   29    35
  175   192
  212    56
   82   148
  246    61
   40   103
    5    91
   94    10
  113   122
  133    15
   21   203
  237   197
  216   250
  238   250
  203   199
  119    94
  133   105
   93    37
  247    41
  229   185
    2   124
   13   161
  130   248
   77   143
   43    91
  205    47
   82   167
   79   172
   11    38
  188   244
   17    59
  247   137
  248   136
   34   147
  226     7
    3    19
  164    83
  230    18
  233   175
  131    24
  171   220
  115   181
  193   150
  246    86
   63    61
   48    42
  131   122
  235    63
   61   106
   49   217
  247   138
  231   233
  133   211
   14   126
  102   131
   60   183
  237   178
  140   188
  186   106
   35   118
   21   199
   29   234
  182   164
  207   127
  150    88
  218    60
   91   108
   31   243
  226    99
  113   156
  211   244
   31    19
  212   178
  205   218
   70   102
   49   131
  228   223
  200   189
   95   202
  152   174
  229    39
  132   232
  174   142
  238   122
  164    54
   48   157
  244     3
  168   140
  207    78
   35   185
  166   244
   34   216
  164   128
  122   191
   26   202
    7   241
  157   172
   53   110
  133   128
  182    15
  228   208
  187    92
   92    69
  181    48
   37   213
  153    78
  228    61
   29   212
   62    63
  136    68
  201   234
  130   187
  213   206
  124     7
   90    17
  154    34
  143   126
  177   247
   20   114
   98   162
  224   221
  130   222
   46    88
    8   114
   67    35
  119   162
   30   198
  211   219
  139   170
  187   159
  245     8
  109    15
   75   217
  144    31
  210    98
  149     2
  216   186
  161   200
  223    55
  145   142
  225    72
  227   194
  178   140
  160   242
  246    48
  175    35
  187   122
  205   139
   64   200
  163   205
   30   174
  176   154
  209   248
  138   249
  195    62
  200    64
   14   119
  249   123
  202    47
   77    87
   29   243
   51   222
  247   124
   87    61
  156   128
  195    85
  127   194
  205   146
  103     7
   60   205
  221    22
   89     7
  201   169
  181   146
  196    79
  162   138
  170   158
  118   236
  117   156
  110   224
  236   161
  193    83
    7   242
  110    55
  248   154
  153    65
  167   201
  222   145
   37   157
  228   141
   48   168
   49   239
  233   198
  187    46
  153   103
  242   213
  157   198
  170   124
   12    94
  123    19
  203     1
  184   220
   51   201
   35   161
   32   166
   32     5
  127   222
  183   226
  233    62
   59   201
   40   151
   73    89
  112    54
  241   196
    7    88
   85   158
  132    25
  119   174
  198   142
  122   137
  135   156
  194   185
   99    89
  217   243
   29   232
   59   140
   66   120
   45   191
   58     6
   25   185
  213   172
  139    55
   74    31
   91   158
  201   118
   25    85
   57    56
  108     3
  194    24
  207   111
   19   211
  190    75
  187   201
  136   185
  132   129
   78   175
  190   157
   41    74
   96   104
    2    35
   80    27
  216    69
  130   221
   95    16
  202   171
  180     2
  114   116
   43   143
   88   228
  219   105
  175   139
   68   148
   12    71
  180   248
  172    46
  192    15
    7   164
  145   161
  206   114
   95    87
  211    84
  184    74
  163   194
   32    39
   34   234
   83    34
   34    51
   52    58
  218    30
  180    25
  185   154
   84   100
  233    19
   26   162
  226   236
    5   176
  177   181
   30   116
    8   228
    8   123
   19   184
  114   156
   83   131
  134    72
   28    46
  224   201
   17   224
  154    17
  174    12
  133   107
  135    51
   90   250
   41    38
   12   200
  203   143
  125   248
   47    42
  185   146
  221   239
  224   117
  131   189
  186    16
  164    48
   72   186
   98   147
  140   152
   27    98
   77   152
  229    87
  203   241
  237   103
  238   118
  235    58
   31    34
   35    71
  187   237
  180    18
  139   126
   22   192
   11   140
  128    52
  130   123
  136   145
   77   212
   33   137
   95    69
  135    73
   19   204
  121     5
  220   172
   41    91
   29   135
  162   105
  195    80
  213   161
   54    93
   39   178
  225    64
  181   182
  235   241
   89   146
   70   210
  215    46
  139    66
   55   119
  183   139
  247   178
  131   157
   36    38
   48     4
  127   203
  235    51
   25    47
  108    99
  189   113
  218    26
  138    82
  196   215
  178   218
  208    14
  247    42
  186   137
  234   236
  228   140
  127    93
   44    11
   61    34
   41    51
  158    47
  208    13
  213   192
  218   126
  185   131
   17   218
   39   105
  232   166
   97    90
   85    18
  161   128
  121   207
   46   222
  183   119
   60   223
   66   240
  117   240
  109   238
   13   128
   48   191
   74    61
   19   235
  150    48
  114    27
   35    39
   14   164
  191    53
  194    74
   34    16
  219    22
  109   183
  147    98
  120   202
  114   141
  249   207
   22    41
   72   249
  126   228
  211   199
   88    88
   77   151
   84    49
  142   245
   11    54
  146   137
  100   191
   42   234
   19   128
   97    35
   40   146
   30     2
  189   226
   27   165
  244   129
   27    69
  198    90
  207   146
  239   246
  212   197
  157   240
  238    12
  118   180
   83   150
   99   117
  197    58
  133   147
  179   158
   34   101
   77   193
   65   175
  151    89
  145    47
  179   107
  190   214
  164   219
   87   105
  243   158
  241   179
   16   201
   91   141
   81    27
  131   123
  247   136
   23   210
  127   199
  179   189
  221   169
  152   194
  135    76
   47    35
  151   229
   93   148
  120   222
  191    68
  232    82
  206   243
   25   218
  126     8
  146   241
  105    47
  239   171
   94   140
  239   214
  117   204
  235    83
  228   247
  245    62
  233    69
  232   139
   77   250
  196   200
  177    32
  135   105
   70    68
  240    89
   78    33
  132    76
   19    98
   30     8
   54   101
   66   171
   22   240
    4    23
   96   206
  179   153
   65   101
  215    97
  175   165
   60   100
   54    69
  142    77
   92   111
  201    38
   40   195
  163    33
  132   163
   22    59
  179    78
  147   100
  101   230
   47   183
   46   199
   55    53
   14   229
  226   220
   21    13
   71    78
  128   108
   34    55
  124     5
   36   212
  177    81
  241   231
  106   236
  165    78
   55   158
  180   125
  208   217
  114    61
  170    52
  206   239
  181     7
   21   194
  113   117
   61    73
  169    36
  230   104
  225    25
  114    34
   19    80
  238   212
   92    33
  226   199
  128   243
   52   179
   28    94
  171   201
   39   104
  240   188
    6   100
  206   144
  108   204
   28   103
  215    49
  176   100
  134   200
  247   245
  199   216
   66   250
  144   161
  155    10
   54   144
   70    30
  216    32
  165   170
  174   144
  192     3
   37   209
  192   134
  103    41
  101   206
  191    69
  175   240
    4    29
  114    38
   93    72
  195   167
  186   235
   34   144
  224   191
   19     3
   80   163
   33   235
  131   122
  175   130
  126    35
  125   130
   69   193
  214   110
  136    87
  139    20
  224   108
  235    98
   60   202
  242   110
   92   227
   72   181
  235    34
  215    70
   91    27
   25   240
  194   124
   22    43
  102   218
   76   155
   93   134
  213   227
   13   157
  196   198
   30    38
  223   170
   94    92
  249    24
  182   138
   52   118
   73    78
  126   201
  224   100
   79   132
  205    55
  124    52
   84    13
   94   198
  126   166
   76    16
  165    67
  130    84
  184    79
  107    75
   14   233
  200    33
  147    56
  188   228
  108   123
    7   233
  135    55
  237   194
  189    63
   67    88
   85   243
   13   137
  155   115
   70   124
  171    23
   30   186
   16   222
  189   196
  151   147
  115    97
    5   116
   50   166
  180   123
   35    48
   36   216
   26   139
    2   126
  174    52
  192    79
  229    64
  111   195
  206    46
   91   180
  112    55
  209    15
   29    73
  200   226
  132    48
   12   137
  237   199
   36   148
   70   134
  101   217
  218    75
    3   203
   68   163
  133    15
   52    51
  117   190
   31    75
  107    97
   71    87
    8   119
  104    21
  249   114
   28   107
    6    33
  186   103
   94   193
   34   177
    4   227
  211   179
  237   204
    3    19
   73   122
   88   184
  221   239
   58   120
  158   192
   40   170
   85    72
  114    75
  233     5
  140   120
  177   130
  170   164
  136   187
   58    86
   21   133
  161    89
   69   139
  240    94
   64   119
   58    61
   17    16
  160   232
   82   144
  183   151
   80    29
  114   147
  114    10
  134   194
  121   138
  228    46
   85    94
  161   169
   75    74
   51   106
   73   196
   35   246
  146   243
   14   106
   76   186
  152   163
  191    76
   46   168
  172    94
   65   174
  146    79
  144    33
   63   213
  164    68
  156   229
   43     5
   30    94
  159   216
    2   152
  104    29
    5    44
  126   121
   28   147
   73   222
  184   158
   92   191
  157    93
   82   249
  173   205
  218   126
  164   163
  214    17
  214    31
   22   238
    8   158
  192     7
   35   193
   35   167
   12    14
  163    37
   44    69
   21    41
  197    10
  168   202
   64     4
  113   136
  141    53
   28   171
  130   108
  186   121
   86    98
  213    27
  174   117
   40    86
   88   110
  155   135
  245   163
  200   169
   53   203
   47    29
   54   122
   54    55
  114    61
  237   131
  238    61
   36    76
  191   199
   37   163
   16   100
  108     6
  113   218
   12   170
   63     4
  208    24
  224   187
  185   170
   46   235
  190   199
  202   218
   11    66
  241   224
   99    76
   21   201
  196    61
   96   116
  125    22
   51   135
   91    18
  206   214
   74    19
  233   240
   12   195
  116    49
   57    99
  176    47
  231    40
   31   185
  181    76
   75   234
   46   179
   54   212
  101   107
  135   223
  151   100
  172   179
  222   161
   35   215
   19   185
   70    31
  127   128
  133    71
   96   206
  244   133
  128   248
  179    85
  184   243
   67    77
  235   195
   13    22
  127   120
   40    56
  207    73
  223   245
   31   246
  157    38
   63    85
  204    30
  195   153
   20   112
  131   212
  170   173
  193    14
  207    98
  118    41
   86   218
   41   164
   30    79
  214     1
   90   120
   12   108
  155    55
  146   157
  146   116
  127    21
  229     6
   27   212
  246   225
  101    72
  181    71
  178    70
  142   179
   17    96
  171    19
  189   208
   81   179
  194    87
    5   224
  245   237
    4   227
  161   112
   95    96
  231   237
  221   180
  157   115
  225   125
   89    95
   74   168
   48   234
   59    66
  105   195
   92   149
  104   183
   54    91
  214   120
  167   106
   73   161
   82    62
   21   203
  242   232
   35   117
   33    71
   10   167
  205    92
  117   231
  218   140
  248   171
   81    10
  100   144
  224    36
  133    54
   87    11
   38    20
   40   224
  153    15
   77    76
   45   144
  163   101
  232   213
   86    91
  250   205
  144    68
  142   243
   67    67
   66   110
   23   174
  165   118
  193    96
  244   141
   11    97
   74   242
  244    99
   78     3
  105    71
  114   240
    8   134
   55   202
  218    78
  235   207
  126    37
  151    48
  207     2
   27   103
   79    16
   93   176
   81    47
  225   227
  176   229
   94    34
  213   129
   24    66
  134    21
   10    10
  220   132
  183   110
   44   139
   38   130
   60   141
   16    35
   20     4
   62   223
    4   224
   74   111
  124    16
  170    21
  151   227
  176    60
   95   193
   58   219
  103   250
  246   163
  161   204
   95   172
  146   189
   88   125
  120    55
   19   236
  132    87
   66   226
  138   135
  168   128
  203    80
  151   211
  114   203
   48   122
   93    41
  125    63
  164   150
  102   174
  143    82
   17   133
  134   133
   51   193
  189    38
  125   187
  148   222
  218   133
  199   106
   84   225
  222    20
  182   220
  192    71
  223    89
   95   101
  160   202
  113    88
   36   199
  187    55
   78    65
   76   131
  235    18
  219    21
   81   131
  203   222
  142   119
   78   223
   48    99
  240    86
   70    41
   74   146
  141   131
  166   176
   58   190
  250    26
  184   104
  209   120
  242   221
  147   114
  214    60
   67     4
  133    65
  223   176
  173   236
  142   119
  110   162
  156    38
  208   133
  203   216
   51   117
  212   204
  161   172
  239    78
  246   234
  136   169
  129   166
  145   218
   43    88
   21     3
  209    64
   78   156
  128    31
  116    54
   28   118
  129   110
  223   210
   80    38
  183   139
  209    74
   85   130
  131   226
   82   117
  133   113
   40   222
  207   201
   28   161
   15   195
  131   219
   83   238
  249   226
  140    87
  209   231
   97   105
   53    41
  185    99
   78   155
  148    85
  182   143
   60   177
   95   127
   65   124
  116   116
  172    95
   98    59
   92   131
  227   119
    1    41
  180    58
    8   184
  160   129
  184   167
   76   193
  188    92
  163   168
   38    62
  233   236
  106   198
   65   192
  155   124
  159   206
  102   134
  226   222
   36   236
  152     6
  244   243
  207   193
  123    14
  184    96
  243   139
  234   191
  212   222
    9    41
  132   165
   23    95
  176    10
   56   238
   44   165
  195   131
  250    45
   14   180
  178    36
  238    83
  250    94
  148   188
   31   126
   41   190
  221   170
  192    46
  248   118
   74    21
   29    80
  176    32
   95   235
   90   237
  133    10
  247    80
   43   128
   42    41
   23   170
  214    98
  211   221
  238   219
   73   182
  230     8
   61     4
  198   212
  136    50
  116   191
  222    97
  207    87
   26   241
   85    54
   86   131
  206    86
  206    77
  147   102
  207    35
  108     2
  243   104
  197   152
  124    16
    3   100
  129    60
   74   190
  101   238
  171    82
   35    25
  244   208
   42   221
   47    68
  103    56
   53     9
   95   210
  216   205
   28   225
  189   122
   82    14
  231   190
  186   248
   79   216
  199   246
   83   118
  104    80
  247   209
  151     4
   30   210
  232     7
  151   144
  182    44
  210   103
   14    59
  115   248
  236   171
   36    10
  143   141
   27    43
   10    80
   22    44
  219   176
  189   132
   46    65
  242    73
  219   242
  120   180
   85   140
  118   134
  217   166
   90   203
  227    10
  249   122
  130   217
   71   142
   21   216
   53   200
  250   187
   16   185
   81   177
   74    75
  189    41
  202   174
  171    27
   37   134
  127   195
  219   143
   92   111
   58   108
   76    80
   72    20
  190   181
   80   184
  199   173
  219   100
   15   235
   15    62
  223    74
   74   182
  161   199
   69    25
   24    42
  137    12
   78   107
  111   131
  222    21
   32   110
   30    80
   91   246
   96   179
  125   230
   14     3
   80   141
   21    90
  144     1
  243   247
   93    31
  160   183
  134    36
  180     7
  155   161
  242   192
   61   125
   12     1
  214   137
    5   228
  158   229
  243    80
  209    18
   76    95
  100    27
  195   184
   95   180
  193   241
  188    90
  243   197
   87   211
  221   248
  164   214
  105   218
   59   175
  122   174
   12   188
  169   235
  177   145
   43   205
  235    86
  180    31
   69    57
  100    18
   41   156
  187    74
  149   114
   76   219
  164   101
   83   221
   11    87
  131   101
  122   182
  123    63
  178    76
  138   203
  230     2
  180   203
  144    88
   40   240
  122    43
   86   173
  127     3
  185    49
   97   149
   56    86
  126   233
  107   133
  103   209
  104   154
  238   219
  122   195
  106    13
  111    24
   22   249
   53   155
  110   102
  191    46
  234   115
  237    48
   40   223
  217   181
   25    91
  182    81
  195    10
    9    78
  250   114
    9   204
  206   230
  198   170
  188   151
   42   120
  212   156
  130   246
  176   216
  208   138
  115    79
   83   120
  120   132
   89    61
  176   134
  243   101
  149   198
   77   226
  101    59
   95    88
  139    67
  249   229
  214   225
  220   240
  179   195
  246   242
   23   190
   85   127
   17    79
  244   153
   63     6
   51    55
   67   147
  232    45
  224   110
  229   231
   79   127
  175   180
   58   110
  108   138
  106   132
  193   166
  101    64
  102   120
  241     2
   90   114
  107   215
  158    32
   46   159
  190    66
  158   153
  117   228
  190   152
   82    72
  233    33
  208   213
   34   225
   67    89
  215   234
  104    67
  224    50
  121   142
   61   168
  239   102
   11    53
   11    91
   85   167
   52   170
   12   208
   83   119
  146    18
  237    62
  167   246
  160   235
  129   198
  177   106
   75   146
  248   111
   33   167
  227   232
   16   172
  237   168
  174    62
   10   127
  200   167
  180   115
  210    97
   27   212
   71    64
   70    56
  196   184
  172   153
  239    60
   16   169
  183    87
  100   200
   27    42
   50    31
  102   215
   13    82
   53    42
  135   133
  203   208
  201   209
   35   193
  145   245
  239   161
  170   151
  133   123
  219   185
  148   136
   37    42
  155    94
   70    82
  171   129
  132   244
  145   125
  132   169
   63    36
   74    34
    5    45
  193   112
   44   165
   30    24
  202   131
   89   109
  153    26
   72   105
  119    40
  239   138
  169    73
  154   141
  146     3
   73    19
   31   191
    1    94
   42    70
   78   141
  156   187
  100   118
  241   129
  190   217
    3   159
  112   190
   43     2
  223   170
   17   238
  242   119
   46   157
   26   158
   82   198
   77    61
  164     4
  118    12
  120   177
  119    86
  200   213
  228   132
  164    82
   41    72
  151    54
  114   183
  160   216
  219   191
  156   172
   93   240
  182    80
  161   164
  197   142
   17   188
   34   187
   68   185
  113   105
  147   108
  230     8
  202   200
   30    67
   12   231
  137   112
   13    41
  231   109
  144   221
  155    12
   58   200
  178    31
   64   241
  158    12
  166    42
  182   218
   29   129
   20   202
  219   188
  118   121
  128    40
  216   210
   52     7
   95   238
  211   120
   76    63
  194   127
  246    25
   45   131
  107   144
  135   133
  107    86
   61    38
  107   235
  230   206
  129   154
  180    50
   45   174
   39   193
  112   186
   90   229
   90   203
   62    90
   91    75
  237    21
  130    30
   75    12
  138    71
   30   231
  149    58
  164   111
  166   244
  125   216
  113   230
  167    99
  245     3
   31   118
  149     5
  144   130
   13    74
  222   101
    3   158
   31   211
   67    93
  196    58
   20    82
  198   172
   30    77
  216   205
  180   201
  163   187
  119   185
  107   106
   74   168
   43   113
  207    76
  203    85
   65   229
  226   109
  191     4
  230   112
  223    87
  187   234
  203   232
   89    72
   83   233
  185   151
  112    58
  130     1
  184    57
  179    10
   31    44
  220   202
   73   116
    7    96
  220    58
  207   235
  241   198
   76    82
  129   223
    9   121
  181   122
   70    29
    6   143
  163   213
  157   109
  219    80
   83    99
   57   208
  133   101
  243    57
  148    35
  189   171
  200   206
  192    50
  127   144
  153   194
    2   148
   20    95
   23    62
  100   208
   49   216
  147   210
  122   105
  198   237
  173    67
  110    28
  180    72
  171   167
  215    88
  120   249
    1   229
   73   115
   75   145
  125   193
   54    18
   62     8
   51   239
  186    16
  205    72
   70    52
  182   143
  128   240
  214   189
  173   129
    9   163
  108   137
  170   158
   11    83
   92    68
  248   231
  196   192
  207   180
  200   213
  152   141
   42   120
  100    79
  129    18
   64   202
  176    12
   77   143
   76   141
   40   117
   10   233
  109    30
   86   171
   45    91
  207   101
  203   153
   82   199
  200    18
  245   163
  193   120
  162    65
  149   126
   20    52
   85   124
   70    73
  157   150
   53    96
  201    96
   72    71
  216   186
   29   156
   14     3
  138    10
   83   127
   85    82
  120    13
  237   171
  130    75
   30   248
    9   192
  198    62
   97   192
  214   224
   91   198
  204    11
  234   237
  243    63
   57   138
    9   120
  162   172
  180   139
   61    89
  181    34
  243    64
  120   124
  227   231
   13    63
   15    33
  150    63
    5   216
  144    28
  130    34
  128    55
  111   216
  187   248
  112    98
    8   232
  116   182
    7   105
   53   134
  159   193
  175   119
  133    77
  183   133
  183   123
  131    88
    9   213
  149   148
  194   162
   56    69
   56    23
   16   129
   54   161
   41   130
  198    17
   30    23
  233    77
  163    91
  111   221
  186    86
  121   195
   47   217
  168   117
  198   249
  181    78
  160    34
  235   176
   53   249
   11    15
  151    14
  182   195
  237   222
  128   247
  171    73
   54   221
  212   248
  249   203
  126   119
  121     8
  221   212
  241   100
  146   122
  163   216
  177   250
  131   178
  203   112
  113   244
  250   210
  214   105
    5   149
   80   210
   64    95
  249   134
   18   208
   25   233
  232   242
   61    36
  205    22
   82    77
  236   170
  232   161
  135   183
    6    48
  240    39
   80   116
   65    10
  197   245
  113   217
   92   200
  138    63
  155    13
  158   174
  194     9
  247     4
   79   208
  245    59
   89   139
  138    53
   30   168
   98   144
  233     1
   45    62
   36   102
   66   228
   98    91
  104    26
  215    46
   81    93
   66   188
  190    98
   53    68
   34    25
    2   129
  140    56
   38   211
    9   242
    7   174
  153    35
  190   169
  189    52
  101   201
  187   189
  129    54
  171   139
  237   185
   38    74
   46   232
    3    60
   34   166
   15    98
  122     8
   28   135
   61    73
   70    58
  171   169
   70   199
   78    43
  179   202
  234   180
  247   220
   56   248
   48    73
  120   147
   11    99
  124    64
  112   147
   12    90
  150   118
   61   214
   16   149
  223   250
  205     1
   50    85
   44    42
  203   236
   21   119
  163   144
  136   190
  120    36
   68   162
  130    40
    9    96
  169   142
   76    50
  131   159
  222   118
  137   181
  128   225
   81    80
  212   179
   68    87
  240   213
   70    77
  234   244
  197   222
  141   117
  192   210
   21   231
   47    60
  141     5
  156   237
   40     4
  192    79
   58    41
  243    84
  197   111
  122   198
  107    15
   52   139
  105    49
  119   181
    1   229
   30   250
   50   149
    3    17
   76   158
  242   108
