200
100
   55    63
   91    99
   88    85
   69    78
   61    71
    8    17
   52    48
   85    95
   49    52
   59    65
   79    87
   33    26
   70    67
   47    47
   79    72
   23    32
   29    20
   19    23
   68    64
   51    41
   49    44
   84    87
   92    87
    9    18
   63    64
   47    55
   73    81
   14    19
  102    93
   20    26
   80    89
   89    91
   58    55
   45    52
    2     7
   83    80
   16    15
   39    48
   52    59
   32    22
   75    70
   90    81
   78    81
   36    37
   41    46
   57    54
   34    33
   35    33
   42    50
   73    83
   43    34
   33    35
    5    12
   12    19
   74    80
   77    83
   21    24
   41    34
   23    23
   32    41
   93    92
   97    94
  100    91
   77    86
   91    83
   71    71
   30    36
   94    86
   41    31
   12     9
   28    25
   54    45
   53    49
  106    98
   91    91
  108   100
    1     2
   50    58
   40    48
    9    14
    9    13
   83    93
   40    42
   76    77
   42    45
   14    17
   49    43
   55    51
   78    81
   75    78
   84    76
   17    24
   59    68
   77    83
   11    15
   37    32
   27    20
   14    24
  103    99
   37    47